                            \\|//                            
                           -(o o)-                           
========================oOO==(_)==OOo========================
          ____    ____  ______   ________  ________  
         |_   \  /   _||_   _ `.|_   __  ||_   __  | 
           |   \/   |    | | `. \ | |_ \_|  | |_ \_| 
           | |\  /| |    | |  | | |  _|     |  _|    
          _| |_\/_| |_  _| |_.' /_| |_     _| |_     
         |_____||_____||______.'|_____|   |_____|    

=============================================================

MOLECULAR DYNAMICS ...for fun                 
mdff.0.3.1  (build Mar 19 2014 13:04:52) parallel                               
filipe.manuel.vasconcelos@gmail.com  
Running on  :    2 nodes                  
by user     : filipe                        
host        : IRAM-CE-004776
date        : 2014/03/27    15:41:19

CONTROL MODULE ... WELCOME

calc        =  md                                                          
lnmlj       =  T
lbmhft      =  F
lbmhftd     =  F
lmorse      =  F
lcoulomb    =  F
lsurf       =  F
lvnlist     =  T
lstatic     =  F
lreduced    =  F
lrestart    =  F

=============================================================

reading configuration
config from file POSFF
found type information on POSFF : A  
atomic positions in cartesian coordinates in POSFF

=============================================================

CONFIG MODULE ... WELCOME

system                : UNKNOWN                                                     
natm                  =              256
ntype                 =                1
nA                    =              256  100.00%

-------------------------------------------------------------------------------------------
direct     basis : 
-------------------------------------------------------------------------------------------
a_vector              =      21.6204      0.0000      0.0000
b_vector              =       0.0000     21.6204      0.0000
c_vector              =       0.0000      0.0000     21.6204
cell param.           =      21.6204     21.6204     21.6204
perpend. width        =      21.6204     21.6204     21.6204
angles                =      90.0000     90.0000     90.0000
volume                =   10106.2797


-------------------------------------------------------------------------------------------
reciprocal basis : 
-------------------------------------------------------------------------------------------
a*_vector             =       0.0463      0.0000      0.0000
b*_vector             =       0.0000      0.0463      0.0000
c*_vector             =       0.0000      0.0000      0.0463

cell param.           =       0.0463      0.0463      0.0463
perpend. width        =       0.0463      0.0463      0.0463
angles                =      90.0000     90.0000     90.0000
volume                =       1.0000

-------------------------------------------------------------------------------------------

density               =       0.0253

 long range correction (init)  -1.42129648126362     
=============================================================

FIELD MODULE ... WELCOME

-------------------------------------------------------------------------------------------
point charges: 
-------------------------------------------------------------------------------------------
q   A                   =  0.000E+00
quadA                   =  0.000E+00 mb
total charge            =  0.000E+00
second moment of charge =  0.000E+00

-------------------------------------------------------------------------------------------
static dipoles: 
-------------------------------------------------------------------------------------------
muA        =    0.00000   0.00000   0.00000

-------------------------------------------------------------------------------------------
lennard-jones           
-------------------------------------------------------------------------------------------

       eps    /    / sigma* \ q       / sigma*  \ p \
 V = ------- |  p | ------- |    - q | -------- |   |
      q - p   \    \   r    /         \    r    /   /

cutoff      =    8.50000
truncation  = linear                                                      
long range correction :         -1.421296481


-------------------------------------------------------------------------------------------
A  -A   interactions:
-------------------------------------------------------------------------------------------
sigma                                =   0.34050000E+01
eps                                  =   0.10323576E-01
q                                    =   0.12000000E+02
p                                    =   0.60000000E+01
shift correction (linear)            :   -0.00017


=============================================================

=============================================================

MD MODULE ... WELCOME

periodic boundary conditions  
using minimum image convention                 
verlet list used 
dynamic calculation
NVE ensemble --- velocity verlet integrator    
with equilibration:             
berendsen scaling ( is not canonical ...and so NVE)
number of steps                      =       5000
timestep                             =  0.10000E-02  ps
time range                           =  0.50000E+01  ps
temperature                          =   90.00000   K
pressure                             =    0.00000 GPa
number of equilibration steps        =       1000
equilibration period                 =          1
Berendsen thermostat time scale      =  0.10000E-02  ps
Berendsen barostat time scale        =  0.10000E-02  ps
tau[T-P]berendsen = dt -> simple rescale
print thermo  periodicity            =        100

paralelisation - atoms decomposition
rank =         0   atoms       1 to     128 load :      128
rank =         1   atoms     129 to     256 load :      128
=============================================================

generate velocities
Velocities from Maxwell-Boltzmann distribution
normal distribution method = boxmuller_basic     
effective temperature      T        =    95.7082
wanted temperature         T0       =    90.0000
velocities rescaled by              =     0.9697
debug : rescaled temperature       =    90.0000

center of mass vel. ALL    -0.758942E-18    0.162630E-18   -0.108420E-17
center of mass vel. A      -0.758942E-18    0.162630E-18   -0.108420E-17

=============================================================
properties at t=0

  Thermodynamic information 
  ---------------------------------------------
  step                  =         0
  time                  =  0.00000000E+00
  Ekin                  =  0.29781535E+01
  Temp                  =  0.90000000E+02
  Utot                  = -0.19338015E+02
  U_vdw                 = -0.19338015E+02
  U_coul                =  0.00000000E+00
  Pressure              = -0.22780046E+02
  Pvir_vdw              = -0.14218265E+00
  Pvir_coul             =  0.00000000E+00
  Pvir_tot              = -0.14218265E+00
  volume                =  0.10106280E+05
  a cell                =  0.21620402E+02
  b cell                =  0.21620402E+02
  c cell                =  0.21620402E+02
  ---------------------------------------------
  Etot                  = -0.16359861E+02
  Htot                  = -0.16359861E+02

stress tensor of initial configuration

TAU_NONB
 -0.28436529E+00  0.31282446E-18  0.48126840E-18
  0.31282446E-18 -0.28436529E+00 -0.33672109E-19
  0.48126840E-18 -0.33672109E-19 -0.28436529E+00
iso =  -0.28436529E+00( -0.11108019E-02)


TAU_TOTA
 -0.28436529E+00  0.31282446E-18  0.48126840E-18
  0.31282446E-18 -0.28436529E+00 -0.33672109E-19
  0.48126840E-18 -0.33672109E-19 -0.28436529E+00
iso =  -0.28436529E+00( -0.11108019E-02)


starting main loop
=============================================================

TAU_TOTA
  0.29551421E+00 -0.64880943E-02 -0.22200381E-01
 -0.64880943E-02  0.30533974E+00 -0.41634055E-02
 -0.22200381E-01 -0.41634055E-02  0.29567609E+00
iso =   0.29884335E+00(  0.11673568E-02)


  Thermodynamic information 
  ---------------------------------------------
  step                  =       100
  time                  =  0.10000000E+00
  Ekin                  =  0.29804230E+01
  Temp                  =  0.90068585E+02
  Utot                  = -0.15984399E+02
  U_vdw                 = -0.15984399E+02
  U_coul                =  0.00000000E+00
  Pressure              =  0.23940112E+02
  Pvir_vdw              =  0.14942167E+00
  Pvir_coul             =  0.00000000E+00
  Pvir_tot              =  0.14942167E+00
  volume                =  0.10106280E+05
  a cell                =  0.21620402E+02
  b cell                =  0.21620402E+02
  c cell                =  0.21620402E+02
  ---------------------------------------------
  Etot                  = -0.13003976E+02
  Htot                  = -0.13003976E+02

  step :          100      MD   : cpu time      0.12

TAU_TOTA
  0.20564778E+00  0.85771706E-02 -0.18558561E-01
  0.85771706E-02  0.19860765E+00  0.10884028E-01
 -0.18558561E-01  0.10884028E-01  0.21216027E+00
iso =   0.20547190E+00(  0.80262461E-03)


  Thermodynamic information 
  ---------------------------------------------
  step                  =       200
  time                  =  0.20000000E+00
  Ekin                  =  0.29835683E+01
  Temp                  =  0.90163636E+02
  Utot                  = -0.16487734E+02
  U_vdw                 = -0.16487734E+02
  U_coul                =  0.00000000E+00
  Pressure              =  0.16460236E+02
  Pvir_vdw              =  0.10273595E+00
  Pvir_coul             =  0.00000000E+00
  Pvir_tot              =  0.10273595E+00
  volume                =  0.10106280E+05
  a cell                =  0.21620402E+02
  b cell                =  0.21620402E+02
  c cell                =  0.21620402E+02
  ---------------------------------------------
  Etot                  = -0.13504166E+02
  Htot                  = -0.13504166E+02

  step :          200      MD   : cpu time      0.12

TAU_TOTA
  0.15434470E+00 -0.19498843E-01 -0.14672602E-01
 -0.19498843E-01  0.14389272E+00  0.21176686E-02
 -0.14672602E-01  0.21176686E-02  0.19024285E+00
iso =   0.16282676E+00(  0.63604203E-03)


  Thermodynamic information 
  ---------------------------------------------
  step                  =       300
  time                  =  0.30000000E+00
  Ekin                  =  0.29770937E+01
  Temp                  =  0.89967973E+02
  Utot                  = -0.16718513E+02
  U_vdw                 = -0.16718513E+02
  U_coul                =  0.00000000E+00
  Pressure              =  0.13043983E+02
  Pvir_vdw              =  0.81413380E-01
  Pvir_coul             =  0.00000000E+00
  Pvir_tot              =  0.81413380E-01
  volume                =  0.10106280E+05
  a cell                =  0.21620402E+02
  b cell                =  0.21620402E+02
  c cell                =  0.21620402E+02
  ---------------------------------------------
  Etot                  = -0.13741420E+02
  Htot                  = -0.13741420E+02

  step :          300      MD   : cpu time      0.12

TAU_TOTA
  0.17528333E+00 -0.78568076E-02  0.15777958E-01
 -0.78568076E-02  0.16786480E+00  0.35335398E-01
  0.15777958E-01  0.35335398E-01  0.16540381E+00
iso =   0.16951732E+00(  0.66217701E-03)


  Thermodynamic information 
  ---------------------------------------------
  step                  =       400
  time                  =  0.40000000E+00
  Ekin                  =  0.29827319E+01
  Temp                  =  0.90138361E+02
  Utot                  = -0.16700565E+02
  U_vdw                 = -0.16700565E+02
  U_coul                =  0.00000000E+00
  Pressure              =  0.13579956E+02
  Pvir_vdw              =  0.84758658E-01
  Pvir_coul             =  0.00000000E+00
  Pvir_tot              =  0.84758658E-01
  volume                =  0.10106280E+05
  a cell                =  0.21620402E+02
  b cell                =  0.21620402E+02
  c cell                =  0.21620402E+02
  ---------------------------------------------
  Etot                  = -0.13717833E+02
  Htot                  = -0.13717833E+02

  step :          400      MD   : cpu time      0.12

TAU_TOTA
  0.17247906E+00  0.95284827E-02 -0.32743258E-01
  0.95284827E-02  0.17497391E+00 -0.55822615E-01
 -0.32743258E-01 -0.55822615E-01  0.20186008E+00
iso =   0.18310435E+00(  0.71525136E-03)


  Thermodynamic information 
  ---------------------------------------------
  step                  =       500
  time                  =  0.50000000E+00
  Ekin                  =  0.29927638E+01
  Temp                  =  0.90441526E+02
  Utot                  = -0.16594910E+02
  U_vdw                 = -0.16594910E+02
  U_coul                =  0.00000000E+00
  Pressure              =  0.14668398E+02
  Pvir_vdw              =  0.91552174E-01
  Pvir_coul             =  0.00000000E+00
  Pvir_tot              =  0.91552174E-01
  volume                =  0.10106280E+05
  a cell                =  0.21620402E+02
  b cell                =  0.21620402E+02
  c cell                =  0.21620402E+02
  ---------------------------------------------
  Etot                  = -0.13602146E+02
  Htot                  = -0.13602146E+02

  step :          500      MD   : cpu time      0.12

TAU_TOTA
  0.17465402E+00  0.23187721E-01  0.36551009E-02
  0.23187721E-01  0.16926065E+00 -0.94280482E-02
  0.36551009E-02 -0.94280482E-02  0.18828036E+00
iso =   0.17739834E+00(  0.69296227E-03)


  Thermodynamic information 
  ---------------------------------------------
  step                  =       600
  time                  =  0.60000000E+00
  Ekin                  =  0.29778032E+01
  Temp                  =  0.89989416E+02
  Utot                  = -0.16644491E+02
  U_vdw                 = -0.16644491E+02
  U_coul                =  0.00000000E+00
  Pressure              =  0.14211296E+02
  Pvir_vdw              =  0.88699171E-01
  Pvir_coul             =  0.00000000E+00
  Pvir_tot              =  0.88699171E-01
  volume                =  0.10106280E+05
  a cell                =  0.21620402E+02
  b cell                =  0.21620402E+02
  c cell                =  0.21620402E+02
  ---------------------------------------------
  Etot                  = -0.13666688E+02
  Htot                  = -0.13666688E+02

  step :          600      MD   : cpu time      0.12

TAU_TOTA
  0.11487650E+00  0.47264668E-02  0.18970914E-01
  0.47264668E-02  0.14576424E+00 -0.16592197E-01
  0.18970914E-01 -0.16592197E-01  0.14986776E+00
iso =   0.13683617E+00(  0.53451628E-03)


  Thermodynamic information 
  ---------------------------------------------
  step                  =       700
  time                  =  0.70000000E+00
  Ekin                  =  0.30070999E+01
  Temp                  =  0.90874761E+02
  Utot                  = -0.16884214E+02
  U_vdw                 = -0.16884214E+02
  U_coul                =  0.00000000E+00
  Pressure              =  0.10961909E+02
  Pvir_vdw              =  0.68418084E-01
  Pvir_coul             =  0.00000000E+00
  Pvir_tot              =  0.68418084E-01
  volume                =  0.10106280E+05
  a cell                =  0.21620402E+02
  b cell                =  0.21620402E+02
  c cell                =  0.21620402E+02
  ---------------------------------------------
  Etot                  = -0.13877114E+02
  Htot                  = -0.13877114E+02

  step :          700      MD   : cpu time      0.21

TAU_TOTA
  0.16356590E+00  0.10698529E-01 -0.93739625E-02
  0.10698529E-01  0.17935396E+00 -0.40239291E-02
 -0.93739625E-02 -0.40239291E-02  0.14076559E+00
iso =   0.16122848E+00(  0.62979876E-03)


  Thermodynamic information 
  ---------------------------------------------
  step                  =       800
  time                  =  0.80000000E+00
  Ekin                  =  0.29562206E+01
  Temp                  =  0.89337186E+02
  Utot                  = -0.16727743E+02
  U_vdw                 = -0.16727743E+02
  U_coul                =  0.00000000E+00
  Pressure              =  0.12915946E+02
  Pvir_vdw              =  0.80614241E-01
  Pvir_coul             =  0.00000000E+00
  Pvir_tot              =  0.80614241E-01
  volume                =  0.10106280E+05
  a cell                =  0.21620402E+02
  b cell                =  0.21620402E+02
  c cell                =  0.21620402E+02
  ---------------------------------------------
  Etot                  = -0.13771522E+02
  Htot                  = -0.13771522E+02

  step :          800      MD   : cpu time      0.11

TAU_TOTA
  0.11960477E+00 -0.60174859E-02 -0.14792922E-01
 -0.60174859E-02  0.14219995E+00  0.85073197E-02
 -0.14792922E-01  0.85073197E-02  0.15965815E+00
iso =   0.14048762E+00(  0.54877977E-03)


  Thermodynamic information 
  ---------------------------------------------
  step                  =       900
  time                  =  0.90000000E+00
  Ekin                  =  0.29575961E+01
  Temp                  =  0.89378756E+02
  Utot                  = -0.16860458E+02
  U_vdw                 = -0.16860458E+02
  U_coul                =  0.00000000E+00
  Pressure              =  0.11254420E+02
  Pvir_vdw              =  0.70243811E-01
  Pvir_coul             =  0.00000000E+00
  Pvir_tot              =  0.70243811E-01
  volume                =  0.10106280E+05
  a cell                =  0.21620402E+02
  b cell                =  0.21620402E+02
  c cell                =  0.21620402E+02
  ---------------------------------------------
  Etot                  = -0.13902862E+02
  Htot                  = -0.13902862E+02

  step :          900      MD   : cpu time      0.11

TAU_TOTA
  0.17527943E+00  0.56994266E-03  0.12641867E-01
  0.56994266E-03  0.18470051E+00 -0.10523057E-01
  0.12641867E-01 -0.10523057E-01  0.17982259E+00
iso =   0.17993418E+00(  0.70286787E-03)


  Thermodynamic information 
  ---------------------------------------------
  step                  =      1000
  time                  =  0.10000000E+01
  Ekin                  =  0.29960889E+01
  Temp                  =  0.90542009E+02
  Utot                  = -0.16646390E+02
  U_vdw                 = -0.16646390E+02
  U_coul                =  0.00000000E+00
  Pressure              =  0.14414439E+02
  Pvir_vdw              =  0.89967088E-01
  Pvir_coul             =  0.00000000E+00
  Pvir_tot              =  0.89967088E-01
  volume                =  0.10106280E+05
  a cell                =  0.21620402E+02
  b cell                =  0.21620402E+02
  c cell                =  0.21620402E+02
  ---------------------------------------------
  Etot                  = -0.13650301E+02
  Htot                  = -0.13650301E+02

  step :         1000      MD   : cpu time      0.11

TAU_TOTA
  0.19294019E+00 -0.13549074E-01  0.26713703E-01
 -0.13549074E-01  0.24674910E+00 -0.37772403E-01
  0.26713703E-01 -0.37772403E-01  0.18918950E+00
iso =   0.20962626E+00(  0.81885259E-03)


  Thermodynamic information 
  ---------------------------------------------
  step                  =      1100
  time                  =  0.11000000E+01
  Ekin                  =  0.27762220E+01
  Temp                  =  0.83897616E+02
  Utot                  = -0.16444162E+02
  U_vdw                 = -0.16444162E+02
  U_coul                =  0.00000000E+00
  Pressure              =  0.16793028E+02
  Pvir_vdw              =  0.10481313E+00
  Pvir_coul             =  0.00000000E+00
  Pvir_tot              =  0.10481313E+00
  volume                =  0.10106280E+05
  a cell                =  0.21620402E+02
  b cell                =  0.21620402E+02
  c cell                =  0.21620402E+02
  ---------------------------------------------
  Etot                  = -0.13667940E+02
  Htot                  = -0.13667940E+02

  step :         1100      MD   : cpu time      0.12

TAU_TOTA
  0.18312259E+00  0.29048381E-01  0.15435331E-01
  0.29048381E-01  0.23623010E+00  0.43468992E-01
  0.15435331E-01  0.43468992E-01  0.18234750E+00
iso =   0.20056673E+00(  0.78346380E-03)


  Thermodynamic information 
  ---------------------------------------------
  step                  =      1200
  time                  =  0.12000000E+01
  Ekin                  =  0.28360626E+01
  Temp                  =  0.85706004E+02
  Utot                  = -0.16504036E+02
  U_vdw                 = -0.16504036E+02
  U_coul                =  0.00000000E+00
  Pressure              =  0.16067282E+02
  Pvir_vdw              =  0.10028337E+00
  Pvir_coul             =  0.00000000E+00
  Pvir_tot              =  0.10028337E+00
  volume                =  0.10106280E+05
  a cell                =  0.21620402E+02
  b cell                =  0.21620402E+02
  c cell                =  0.21620402E+02
  ---------------------------------------------
  Etot                  = -0.13667974E+02
  Htot                  = -0.13667974E+02

  step :         1200      MD   : cpu time      0.11

TAU_TOTA
  0.14209814E+00 -0.24278777E-02 -0.97280790E-02
 -0.24278777E-02  0.16061884E+00  0.27597614E-01
 -0.97280790E-02  0.27597614E-01  0.17535435E+00
iso =   0.15935711E+00(  0.62248872E-03)


  Thermodynamic information 
  ---------------------------------------------
  step                  =      1300
  time                  =  0.13000000E+01
  Ekin                  =  0.30667944E+01
  Temp                  =  0.92678734E+02
  Utot                  = -0.16735215E+02
  U_vdw                 = -0.16735215E+02
  U_coul                =  0.00000000E+00
  Pressure              =  0.12766038E+02
  Pvir_vdw              =  0.79678556E-01
  Pvir_coul             =  0.00000000E+00
  Pvir_tot              =  0.79678556E-01
  volume                =  0.10106280E+05
  a cell                =  0.21620402E+02
  b cell                =  0.21620402E+02
  c cell                =  0.21620402E+02
  ---------------------------------------------
  Etot                  = -0.13668421E+02
  Htot                  = -0.13668421E+02

  step :         1300      MD   : cpu time      0.12

TAU_TOTA
  0.14270407E+00 -0.29918794E-02 -0.69008554E-02
 -0.29918794E-02  0.16150258E+00  0.31788258E-01
 -0.69008554E-02  0.31788258E-01  0.15075440E+00
iso =   0.15165368E+00(  0.59239720E-03)


  Thermodynamic information 
  ---------------------------------------------
  step                  =      1400
  time                  =  0.14000000E+01
  Ekin                  =  0.31218272E+01
  Temp                  =  0.94341830E+02
  Utot                  = -0.16789975E+02
  U_vdw                 = -0.16789975E+02
  U_coul                =  0.00000000E+00
  Pressure              =  0.12148927E+02
  Pvir_vdw              =  0.75826842E-01
  Pvir_coul             =  0.00000000E+00
  Pvir_tot              =  0.75826842E-01
  volume                =  0.10106280E+05
  a cell                =  0.21620402E+02
  b cell                =  0.21620402E+02
  c cell                =  0.21620402E+02
  ---------------------------------------------
  Etot                  = -0.13668148E+02
  Htot                  = -0.13668148E+02

  step :         1400      MD   : cpu time      0.12

TAU_TOTA
  0.17335975E+00 -0.20347664E-01 -0.24078806E-01
 -0.20347664E-01  0.16622262E+00 -0.47248096E-03
 -0.24078806E-01 -0.47248096E-03  0.19870306E+00
iso =   0.17942847E+00(  0.70089248E-03)


  Thermodynamic information 
  ---------------------------------------------
  step                  =      1500
  time                  =  0.15000000E+01
  Ekin                  =  0.29495233E+01
  Temp                  =  0.89134794E+02
  Utot                  = -0.16617737E+02
  U_vdw                 = -0.16617737E+02
  U_coul                =  0.00000000E+00
  Pressure              =  0.14373926E+02
  Pvir_vdw              =  0.89714237E-01
  Pvir_coul             =  0.00000000E+00
  Pvir_tot              =  0.89714237E-01
  volume                =  0.10106280E+05
  a cell                =  0.21620402E+02
  b cell                =  0.21620402E+02
  c cell                =  0.21620402E+02
  ---------------------------------------------
  Etot                  = -0.13668214E+02
  Htot                  = -0.13668214E+02

  step :         1500      MD   : cpu time      0.12

TAU_TOTA
  0.17760384E+00 -0.78025833E-03  0.19278503E-01
 -0.78025833E-03  0.19554960E+00  0.11121742E-01
  0.19278503E-01  0.11121742E-01  0.18877241E+00
iso =   0.18730862E+00(  0.73167428E-03)


  Thermodynamic information 
  ---------------------------------------------
  step                  =      1600
  time                  =  0.16000000E+01
  Ekin                  =  0.28977201E+01
  Temp                  =  0.87569299E+02
  Utot                  = -0.16565679E+02
  U_vdw                 = -0.16565679E+02
  U_coul                =  0.00000000E+00
  Pressure              =  0.15005193E+02
  Pvir_vdw              =  0.93654308E-01
  Pvir_coul             =  0.00000000E+00
  Pvir_tot              =  0.93654308E-01
  volume                =  0.10106280E+05
  a cell                =  0.21620402E+02
  b cell                =  0.21620402E+02
  c cell                =  0.21620402E+02
  ---------------------------------------------
  Etot                  = -0.13667959E+02
  Htot                  = -0.13667959E+02

  step :         1600      MD   : cpu time      0.12

TAU_TOTA
  0.11776251E+00 -0.38207331E-01  0.46946809E-01
 -0.38207331E-01  0.16659644E+00 -0.11767532E-01
  0.46946809E-01 -0.11767532E-01  0.12991201E+00
iso =   0.13809032E+00(  0.53941531E-03)


  Thermodynamic information 
  ---------------------------------------------
  step                  =      1700
  time                  =  0.17000000E+01
  Ekin                  =  0.31959144E+01
  Temp                  =  0.96580751E+02
  Utot                  = -0.16864384E+02
  U_vdw                 = -0.16864384E+02
  U_coul                =  0.00000000E+00
  Pressure              =  0.11062385E+02
  Pvir_vdw              =  0.69045160E-01
  Pvir_coul             =  0.00000000E+00
  Pvir_tot              =  0.69045160E-01
  volume                =  0.10106280E+05
  a cell                =  0.21620402E+02
  b cell                =  0.21620402E+02
  c cell                =  0.21620402E+02
  ---------------------------------------------
  Etot                  = -0.13668469E+02
  Htot                  = -0.13668469E+02

  step :         1700      MD   : cpu time      0.11

TAU_TOTA
  0.15155028E+00  0.54199764E-02 -0.30038915E-01
  0.54199764E-02  0.19078451E+00 -0.14512487E-01
 -0.30038915E-01 -0.14512487E-01  0.18557498E+00
iso =   0.17596992E+00(  0.68738251E-03)


  Thermodynamic information 
  ---------------------------------------------
  step                  =      1800
  time                  =  0.18000000E+01
  Ekin                  =  0.29969719E+01
  Temp                  =  0.90568694E+02
  Utot                  = -0.16665152E+02
  U_vdw                 = -0.16665152E+02
  U_coul                =  0.00000000E+00
  Pressure              =  0.14096867E+02
  Pvir_vdw              =  0.87984961E-01
  Pvir_coul             =  0.00000000E+00
  Pvir_tot              =  0.87984961E-01
  volume                =  0.10106280E+05
  a cell                =  0.21620402E+02
  b cell                =  0.21620402E+02
  c cell                =  0.21620402E+02
  ---------------------------------------------
  Etot                  = -0.13668181E+02
  Htot                  = -0.13668181E+02

  step :         1800      MD   : cpu time      0.11

TAU_TOTA
  0.15881482E+00 -0.37989573E-01 -0.86209242E-02
 -0.37989573E-01  0.16440964E+00 -0.70723028E-02
 -0.86209242E-02 -0.70723028E-02  0.14252877E+00
iso =   0.15525108E+00(  0.60644952E-03)


  Thermodynamic information 
  ---------------------------------------------
  step                  =      1900
  time                  =  0.19000000E+01
  Ekin                  =  0.30933794E+01
  Temp                  =  0.93482136E+02
  Utot                  = -0.16761548E+02
  U_vdw                 = -0.16761548E+02
  U_coul                =  0.00000000E+00
  Pressure              =  0.12437109E+02
  Pvir_vdw              =  0.77625539E-01
  Pvir_coul             =  0.00000000E+00
  Pvir_tot              =  0.77625539E-01
  volume                =  0.10106280E+05
  a cell                =  0.21620402E+02
  b cell                =  0.21620402E+02
  c cell                =  0.21620402E+02
  ---------------------------------------------
  Etot                  = -0.13668169E+02
  Htot                  = -0.13668169E+02

  step :         1900      MD   : cpu time      0.12

TAU_TOTA
  0.15196757E+00 -0.44821797E-02 -0.18205993E-01
 -0.44821797E-02  0.15593668E+00 -0.24961686E-01
 -0.18205993E-01 -0.24961686E-01  0.24821571E+00
iso =   0.18537332E+00(  0.72411452E-03)


  Thermodynamic information 
  ---------------------------------------------
  step                  =      2000
  time                  =  0.20000000E+01
  Ekin                  =  0.29415830E+01
  Temp                  =  0.88894836E+02
  Utot                  = -0.16609811E+02
  U_vdw                 = -0.16609811E+02
  U_coul                =  0.00000000E+00
  Pressure              =  0.14850160E+02
  Pvir_vdw              =  0.92686659E-01
  Pvir_coul             =  0.00000000E+00
  Pvir_tot              =  0.92686659E-01
  volume                =  0.10106280E+05
  a cell                =  0.21620402E+02
  b cell                =  0.21620402E+02
  c cell                =  0.21620402E+02
  ---------------------------------------------
  Etot                  = -0.13668228E+02
  Htot                  = -0.13668228E+02

  step :         2000      MD   : cpu time      0.12

TAU_TOTA
  0.18557793E+00 -0.17707119E-01 -0.17721738E-02
 -0.17707119E-01  0.15348804E+00 -0.17606421E-01
 -0.17721738E-02 -0.17606421E-01  0.19318861E+00
iso =   0.17741819E+00(  0.69303982E-03)


  Thermodynamic information 
  ---------------------------------------------
  step                  =      2100
  time                  =  0.21000000E+01
  Ekin                  =  0.29540907E+01
  Temp                  =  0.89272821E+02
  Utot                  = -0.16622177E+02
  U_vdw                 = -0.16622177E+02
  U_coul                =  0.00000000E+00
  Pressure              =  0.14212885E+02
  Pvir_vdw              =  0.88709097E-01
  Pvir_coul             =  0.00000000E+00
  Pvir_tot              =  0.88709097E-01
  volume                =  0.10106280E+05
  a cell                =  0.21620402E+02
  b cell                =  0.21620402E+02
  c cell                =  0.21620402E+02
  ---------------------------------------------
  Etot                  = -0.13668087E+02
  Htot                  = -0.13668087E+02

  step :         2100      MD   : cpu time      0.12

TAU_TOTA
  0.17177772E+00 -0.21415125E-01 -0.20172697E-01
 -0.21415125E-01  0.16819089E+00  0.23357252E-01
 -0.20172697E-01  0.23357252E-01  0.20568493E+00
iso =   0.18188451E+00(  0.71048638E-03)


  Thermodynamic information 
  ---------------------------------------------
  step                  =      2200
  time                  =  0.22000000E+01
  Ekin                  =  0.29607236E+01
  Temp                  =  0.89473269E+02
  Utot                  = -0.16629087E+02
  U_vdw                 = -0.16629087E+02
  U_coul                =  0.00000000E+00
  Pressure              =  0.14570677E+02
  Pvir_vdw              =  0.90942257E-01
  Pvir_coul             =  0.00000000E+00
  Pvir_tot              =  0.90942257E-01
  volume                =  0.10106280E+05
  a cell                =  0.21620402E+02
  b cell                =  0.21620402E+02
  c cell                =  0.21620402E+02
  ---------------------------------------------
  Etot                  = -0.13668364E+02
  Htot                  = -0.13668364E+02

  step :         2200      MD   : cpu time      0.12

TAU_TOTA
  0.12873725E+00 -0.41048185E-01  0.10567309E-01
 -0.41048185E-01  0.14241792E+00  0.24681565E-01
  0.10567309E-01  0.24681565E-01  0.17307939E+00
iso =   0.14807819E+00(  0.57843042E-03)


  Thermodynamic information 
  ---------------------------------------------
  step                  =      2300
  time                  =  0.23000000E+01
  Ekin                  =  0.31483483E+01
  Temp                  =  0.95143300E+02
  Utot                  = -0.16816740E+02
  U_vdw                 = -0.16816740E+02
  U_coul                =  0.00000000E+00
  Pressure              =  0.11862500E+02
  Pvir_vdw              =  0.74039094E-01
  Pvir_coul             =  0.00000000E+00
  Pvir_tot              =  0.74039094E-01
  volume                =  0.10106280E+05
  a cell                =  0.21620402E+02
  b cell                =  0.21620402E+02
  c cell                =  0.21620402E+02
  ---------------------------------------------
  Etot                  = -0.13668391E+02
  Htot                  = -0.13668391E+02

  step :         2300      MD   : cpu time      0.11

TAU_TOTA
  0.17595023E+00  0.18530739E-01 -0.29465666E-01
  0.18530739E-01  0.17883470E+00 -0.87196082E-02
 -0.29465666E-01 -0.87196082E-02  0.16163741E+00
iso =   0.17214078E+00(  0.67242493E-03)


  Thermodynamic information 
  ---------------------------------------------
  step                  =      2400
  time                  =  0.24000000E+01
  Ekin                  =  0.29805566E+01
  Temp                  =  0.90072623E+02
  Utot                  = -0.16648536E+02
  U_vdw                 = -0.16648536E+02
  U_coul                =  0.00000000E+00
  Pressure              =  0.13790119E+02
  Pvir_vdw              =  0.86070391E-01
  Pvir_coul             =  0.00000000E+00
  Pvir_tot              =  0.86070391E-01
  volume                =  0.10106280E+05
  a cell                =  0.21620402E+02
  b cell                =  0.21620402E+02
  c cell                =  0.21620402E+02
  ---------------------------------------------
  Etot                  = -0.13667979E+02
  Htot                  = -0.13667979E+02

  step :         2400      MD   : cpu time      0.11

TAU_TOTA
  0.19279721E+00 -0.20386043E-01  0.15567314E-01
 -0.20386043E-01  0.18577690E+00 -0.11062676E-01
  0.15567314E-01 -0.11062676E-01  0.17352962E+00
iso =   0.18403458E+00(  0.71888507E-03)


  Thermodynamic information 
  ---------------------------------------------
  step                  =      2500
  time                  =  0.25000000E+01
  Ekin                  =  0.29102565E+01
  Temp                  =  0.87948149E+02
  Utot                  = -0.16578498E+02
  U_vdw                 = -0.16578498E+02
  U_coul                =  0.00000000E+00
  Pressure              =  0.14742914E+02
  Pvir_vdw              =  0.92017289E-01
  Pvir_coul             =  0.00000000E+00
  Pvir_tot              =  0.92017289E-01
  volume                =  0.10106280E+05
  a cell                =  0.21620402E+02
  b cell                =  0.21620402E+02
  c cell                =  0.21620402E+02
  ---------------------------------------------
  Etot                  = -0.13668242E+02
  Htot                  = -0.13668242E+02

  step :         2500      MD   : cpu time      0.12

TAU_TOTA
  0.13846481E+00 -0.91893411E-02 -0.18775010E-02
 -0.91893411E-02  0.15631615E+00 -0.27506138E-01
 -0.18775010E-02 -0.27506138E-01  0.17186486E+00
iso =   0.15554861E+00(  0.60761176E-03)


  Thermodynamic information 
  ---------------------------------------------
  step                  =      2600
  time                  =  0.26000000E+01
  Ekin                  =  0.30993994E+01
  Temp                  =  0.93664061E+02
  Utot                  = -0.16767827E+02
  U_vdw                 = -0.16767827E+02
  U_coul                =  0.00000000E+00
  Pressure              =  0.12460944E+02
  Pvir_vdw              =  0.77774305E-01
  Pvir_coul             =  0.00000000E+00
  Pvir_tot              =  0.77774305E-01
  volume                =  0.10106280E+05
  a cell                =  0.21620402E+02
  b cell                =  0.21620402E+02
  c cell                =  0.21620402E+02
  ---------------------------------------------
  Etot                  = -0.13668427E+02
  Htot                  = -0.13668427E+02

  step :         2600      MD   : cpu time      0.11

TAU_TOTA
  0.21394499E+00 -0.29215431E-01 -0.15111376E-01
 -0.29215431E-01  0.20603745E+00  0.25961852E-01
 -0.15111376E-01  0.25961852E-01  0.19377895E+00
iso =   0.20458713E+00(  0.79916848E-03)


  Thermodynamic information 
  ---------------------------------------------
  step                  =      2700
  time                  =  0.27000000E+01
  Ekin                  =  0.28084772E+01
  Temp                  =  0.84872371E+02
  Utot                  = -0.16476643E+02
  U_vdw                 = -0.16476643E+02
  U_coul                =  0.00000000E+00
  Pressure              =  0.16389351E+02
  Pvir_vdw              =  0.10229357E+00
  Pvir_coul             =  0.00000000E+00
  Pvir_tot              =  0.10229357E+00
  volume                =  0.10106280E+05
  a cell                =  0.21620402E+02
  b cell                =  0.21620402E+02
  c cell                =  0.21620402E+02
  ---------------------------------------------
  Etot                  = -0.13668166E+02
  Htot                  = -0.13668166E+02

  step :         2700      MD   : cpu time      0.11

TAU_TOTA
  0.15436002E+00 -0.27350229E-01 -0.17675368E-02
 -0.27350229E-01  0.18280284E+00  0.43376473E-01
 -0.17675368E-02  0.43376473E-01  0.17091592E+00
iso =   0.16935959E+00(  0.66156091E-03)


  Thermodynamic information 
  ---------------------------------------------
  step                  =      2800
  time                  =  0.28000000E+01
  Ekin                  =  0.30078254E+01
  Temp                  =  0.90896687E+02
  Utot                  = -0.16675980E+02
  U_vdw                 = -0.16675980E+02
  U_coul                =  0.00000000E+00
  Pressure              =  0.13567322E+02
  Pvir_vdw              =  0.84679796E-01
  Pvir_coul             =  0.00000000E+00
  Pvir_tot              =  0.84679796E-01
  volume                =  0.10106280E+05
  a cell                =  0.21620402E+02
  b cell                =  0.21620402E+02
  c cell                =  0.21620402E+02
  ---------------------------------------------
  Etot                  = -0.13668154E+02
  Htot                  = -0.13668154E+02

  step :         2800      MD   : cpu time      0.12

TAU_TOTA
  0.14073619E+00  0.62684674E-02 -0.67692436E-03
  0.62684674E-02  0.17827678E+00 -0.16272306E-01
 -0.67692436E-03 -0.16272306E-01  0.19184655E+00
iso =   0.17028651E+00(  0.66518167E-03)


  Thermodynamic information 
  ---------------------------------------------
  step                  =      2900
  time                  =  0.29000000E+01
  Ekin                  =  0.30221649E+01
  Temp                  =  0.91330029E+02
  Utot                  = -0.16690437E+02
  U_vdw                 = -0.16690437E+02
  U_coul                =  0.00000000E+00
  Pressure              =  0.13641577E+02
  Pvir_vdw              =  0.85143254E-01
  Pvir_coul             =  0.00000000E+00
  Pvir_tot              =  0.85143254E-01
  volume                =  0.10106280E+05
  a cell                =  0.21620402E+02
  b cell                =  0.21620402E+02
  c cell                =  0.21620402E+02
  ---------------------------------------------
  Etot                  = -0.13668272E+02
  Htot                  = -0.13668272E+02

  step :         2900      MD   : cpu time      0.11

TAU_TOTA
  0.13040824E+00 -0.47106610E-02  0.32807802E-01
 -0.47106610E-02  0.16587280E+00 -0.80601262E-02
  0.32807802E-01 -0.80601262E-02  0.18831477E+00
iso =   0.16153193E+00(  0.63098412E-03)


  Thermodynamic information 
  ---------------------------------------------
  step                  =      3000
  time                  =  0.30000000E+01
  Ekin                  =  0.30735292E+01
  Temp                  =  0.92882260E+02
  Utot                  = -0.16741826E+02
  U_vdw                 = -0.16741826E+02
  U_coul                =  0.00000000E+00
  Pressure              =  0.12940260E+02
